5.5 0
5.5 0
5.5 0
5.5 0
5.5 0
5.5 0
5.5 0
5.5 0
5.5 0
5.5 0
5.5 0
5.5 0
5.5 0
5.5 0
5.5 0
5.5 0
5.5 0
5.5 0
5.5 0
5.5 0
6 1
6 0
6 0
6 0
6 0
6 0
6 0
6 0
6 0
6 0
6 0
6 0
6 0
6 0
6 0
6 0
6 0
6 0
6 0
6 0
6.5 0
6.5 0
6.5 0
6.5 0
6.5 0
6.5 1
6.5 0
6.5 0
6.5 0
6.5 0
6.5 0
6.5 0
6.5 0
6.5 0
6.5 0
6.5 0
6.5 0
6.5 0
6.5 0
6.5 0
7 0
7 0
7 0
7 0
7 0
7 0
7 0
7 0
7 0
7 0
7 0
7 0
7 0
7 0
7 0
7 0
7 0
7 0
7 0
7 0
7.5 0
7.5 0
7.5 0
7.5 0
7.5 0
7.5 0
7.5 0
7.5 0
7.5 0
7.5 0
7.5 0
7.5 1
7.5 0
7.5 1
7.5 0
7.5 0
7.5 1
7.5 0
7.5 0
7.5 0
8 1
8 0
8 0
8 0
8 0
8 0
8 0
8 0
8 1
8 0
8 0
8 1
8 0
8 0
8 0
8 1
8 0
8 0
8 1
8 0
8.5 1
8.5 0
8.5 0
8.5 1
8.5 1
8.5 1
8.5 0
8.5 0
8.5 0
8.5 0
8.5 0
8.5 0
8.5 1
8.5 1
8.5 1
8.5 1
8.5 0
8.5 0
8.5 0
8.5 1
9 1
9 1
9 0
9 0
9 0
9 0
9 0
9 0
9 1
9 1
9 1
9 1
9 0
9 1
9 1
9 1
9 0
9 0
9 1
9 0
9.5 0
9.5 0
9.5 0
9.5 0
9.5 0
9.5 1
9.5 1
9.5 1
9.5 1
9.5 1
9.5 0
9.5 0
9.5 1
9.5 0
9.5 0
9.5 0
9.5 0
9.5 0
9.5 0
9.5 1
10 1
10 1
10 0
10 1
10 1
10 1
10 1
10 1
10 0
10 1
10 1
10 0
10 0
10 1
10 1
10 1
10 1
10 1
10 1
10 1
